100 
0.21 20.64 
1.17 33.27 
1.41 63.09 
1.55 62.17 
2.54 78.64 
2.74 18.58 
3.74 48.22 
6.82 46.63 
12.67 34.77 
12.95 91.71 
14.01 30.11 
16.17 74.84 
16.89 74.88 
18.52 61.01 
18.95 65.48 
19.60 31.33 
21.59 47.82 
22.91 92.56 
25.34 13.40 
25.46 37.51 
25.58 42.36 
26.45 91.71 
28.62 54.56 
29.00 10.25 
29.10 93.69 
30.67 7.00 
30.86 64.96 
32.05 42.52 
32.15 58.50 
33.00 46.98 
35.06 47.23 
36.11 2.84 
36.99 5.12 
37.01 53.91 
37.30 35.31 
37.97 65.26 
41.19 37.57 
43.48 78.93 
45.13 63.86 
46.58 9.21 
46.67 48.83 
46.76 88.69 
47.51 4.66 
47.56 90.60 
47.59 13.04 
48.21 63.21 
48.60 23.59 
48.65 40.93 
49.70 75.51 
50.74 13.29 
50.91 47.26 
50.97 75.59 
52.36 15.52 
52.67 54.00 
53.19 34.13 
53.22 61.16 
56.07 37.25 
56.36 5.14 
56.86 56.37 
57.78 74.46 
59.53 6.02 
60.44 76.04 
60.58 43.43 
62.81 45.03 
64.19 54.74 
65.05 97.03 
65.19 87.63 
65.22 84.42 
66.26 28.18 
66.45 89.59 
68.89 6.23 
69.00 38.35 
69.46 83.78 
70.12 72.14 
70.24 81.84 
71.35 38.12 
71.86 9.27 
72.55 46.16 
72.80 27.28 
73.08 1.51 
77.35 6.89 
78.71 13.56 
80.34 3.96 
80.76 59.71 
81.03 27.97 
81.19 75.46 
81.79 50.80 
84.06 47.38 
86.35 52.91 
86.99 8.14 
88.30 18.58 
89.81 85.03 
92.34 65.38 
93.09 70.81 
93.11 83.99 
93.62 34.19 
94.45 18.86 
94.87 16.06 
94.92 76.18 
96.14 34.56 
